	TARGET_WINS	TEAM_BATTING_H	TEAM_BATTING_2B	TEAM_BATTING_3B	TEAM_BATTING_HR	TEAM_BATTING_BB	TEAM_BATTING_SO	TEAM_BASERUN_SB	TEAM_BASERUN_CS	TEAM_BATTING_HBP	TEAM_PITCHING_H	TEAM_PITCHING_HR	TEAM_PITCHING_BB	TEAM_PITCHING_SO	TEAM_FIELDING_E	TEAM_FIELDING_DP
TARGET_WINS	1	0.388767521	0.289103645	0.142608411	0.1761532	0.232559864	-0.030100455	0.120859763	0.013206926	0.006171977	-0.109937054	0.189013735	0.124174536	-0.074635495	-0.176484759	0.018934487
TEAM_BATTING_H	0.388767521	1	0.562849678	0.427696575	-0.006544685	-0.072464013	-0.290819276	0.078195402	-0.082788675	0.018121697	0.302693709	0.072853119	0.094193027	-0.18303892	0.264902478	-0.185459435
TEAM_BATTING_2B	0.289103645	0.562849678	1	-0.107305824	0.435397293	0.255726103	0.269684473	-0.149667902	0.187200565	0.354556962	0.023692188	0.454550818	0.178054204	0.136749777	-0.235150986	0.261097344
TEAM_BATTING_3B	0.142608411	0.427696575	-0.107305824	1	-0.635566946	-0.287235841	-0.627006078	0.403318086	-0.36383882	-0.262538123	0.194879411	-0.567836679	-0.002224148	-0.281797326	0.509778447	-0.561593102
TEAM_BATTING_HR	0.1761532	-0.006544685	0.435397293	-0.635566946	1	0.51373481	0.741708125	-0.30304167	0.35938371	0.386061342	-0.250145481	0.969371396	0.136927564	0.254099822	-0.587339098	0.543385136
TEAM_BATTING_BB	0.232559864	-0.072464013	0.255726103	-0.287235841	0.51373481	1	0.387148238	0.116814539	0.269799732	0.102344825	-0.449777625	0.459552072	0.489361263	0.020456307	-0.655970815	0.422612036
TEAM_BATTING_SO	-0.030100455	-0.290819276	0.269684473	-0.627006078	0.741708125	0.387148238	1	-0.224769191	0.429089767	0.363901047	-0.291501943	0.697603331	0.09675437	0.495242154	-0.52240384	0.429530358
TEAM_BASERUN_SB	0.120859763	0.078195402	-0.149667902	0.403318086	-0.30304167	0.116814539	-0.224769191	1	-0.114965484	-0.088808286	-0.047702877	-0.291474396	0.166739629	-0.156160184	0.141217165	-0.472188124
TEAM_BASERUN_CS	0.013206926	-0.082788675	0.187200565	-0.36383882	0.35938371	0.269799732	0.429089767	-0.114965484	1	0.04604575	-0.154370625	0.327268862	0.018462132	0.126507704	-0.424908117	0.463128153
TEAM_BATTING_HBP	0.006171977	0.018121697	0.354556962	-0.262538123	0.386061342	0.102344825	0.363901047	-0.088808286	0.04604575	1	-0.062937906	0.352638857	-0.015102708	0.143708065	-0.180496618	0.130660222
TEAM_PITCHING_H	-0.109937054	0.302693709	0.023692188	0.194879411	-0.250145481	-0.449777625	-0.291501943	-0.047702877	-0.154370625	-0.062937906	1	-0.141612759	0.320676162	0.269499235	0.66775901	-0.370230991
TEAM_PITCHING_HR	0.189013735	0.072853119	0.454550818	-0.567836679	0.969371396	0.459552072	0.697603331	-0.291474396	0.327268862	0.352638857	-0.141612759	1	0.221937505	0.276473965	-0.493144466	0.475608511
TEAM_PITCHING_BB	0.124174536	0.094193027	0.178054204	-0.002224148	0.136927564	0.489361263	0.09675437	0.166739629	0.018462132	-0.015102708	0.320676162	0.221937505	1	0.496986619	-0.022837561	-0.034016749
TEAM_PITCHING_SO	-0.074635495	-0.18303892	0.136749777	-0.281797326	0.254099822	0.020456307	0.495242154	-0.156160184	0.126507704	0.143708065	0.269499235	0.276473965	0.496986619	1	-0.038020079	0.04948258
TEAM_FIELDING_E	-0.176484759	0.264902478	-0.235150986	0.509778447	-0.587339098	-0.655970815	-0.52240384	0.141217165	-0.424908117	-0.180496618	0.66775901	-0.493144466	-0.022837561	-0.038020079	1	-0.756931287
TEAM_FIELDING_DP	0.018934487	-0.185459435	0.261097344	-0.561593102	0.543385136	0.422612036	0.429530358	-0.472188124	0.463128153	0.130660222	-0.370230991	0.475608511	-0.034016749	0.04948258	-0.756931287	1
